#  pT, total, soft, hard
1.500000e-01  5.424874e+00  4.562887e+00  8.619871e-01
4.500000e-01  1.586624e+00  1.321053e+00  2.655702e-01
7.500000e-01  3.731216e-01  3.094920e-01  6.362962e-02
1.050000e+00  9.257905e-02  7.422267e-02  1.835639e-02
1.350000e+00  2.592794e-02  1.846037e-02  7.467570e-03
1.650000e+00  8.640548e-03  4.877376e-03  3.763173e-03
1.950000e+00  3.432529e-03  1.268338e-03  2.164191e-03
2.250000e+00  1.655088e-03  3.514311e-04  1.303657e-03
2.550000e+00  8.903936e-04  9.974510e-05  7.906485e-04
2.850000e+00  5.340525e-04  2.651228e-05  5.075402e-04
3.150000e+00  3.592662e-04  6.419152e-06  3.528470e-04
3.450000e+00  2.399096e-04  1.079649e-06  2.388299e-04
3.750000e+00  1.631978e-04  9.932781e-07  1.622045e-04
4.050000e+00  1.135368e-04  2.627719e-07  1.132740e-04
4.350000e+00  8.011055e-05  1.223248e-07  7.998823e-05
4.650000e+00  5.691710e-05  0.000000e+00  5.691710e-05
4.950000e+00  4.175274e-05  0.000000e+00  4.175274e-05
5.250000e+00  3.006928e-05  0.000000e+00  3.006928e-05
5.550000e+00  2.274875e-05  0.000000e+00  2.274875e-05
5.850000e+00  1.808298e-05  0.000000e+00  1.808298e-05
6.150000e+00  1.410100e-05  0.000000e+00  1.410100e-05
6.450000e+00  1.045496e-05  0.000000e+00  1.045496e-05
6.750000e+00  8.087218e-06  0.000000e+00  8.087218e-06
7.050000e+00  6.679241e-06  0.000000e+00  6.679241e-06
7.350000e+00  5.046759e-06  0.000000e+00  5.046759e-06
7.650000e+00  3.791422e-06  0.000000e+00  3.791422e-06
7.950000e+00  3.123356e-06  0.000000e+00  3.123356e-06
8.250000e+00  2.680819e-06  0.000000e+00  2.680819e-06
8.550000e+00  2.043116e-06  0.000000e+00  2.043116e-06
8.850000e+00  1.684410e-06  0.000000e+00  1.684410e-06
9.150000e+00  1.278532e-06  0.000000e+00  1.278532e-06
9.450000e+00  1.315648e-06  0.000000e+00  1.315648e-06
9.750000e+00  9.319854e-07  0.000000e+00  9.319854e-07
1.005000e+01  6.769188e-07  0.000000e+00  6.769188e-07
1.035000e+01  7.249737e-07  0.000000e+00  7.249737e-07
1.065000e+01  4.951457e-07  0.000000e+00  4.951457e-07
1.095000e+01  4.071989e-07  0.000000e+00  4.071989e-07
1.125000e+01  3.201934e-07  0.000000e+00  3.201934e-07
1.155000e+01  3.505167e-07  0.000000e+00  3.505167e-07
1.185000e+01  2.653497e-07  0.000000e+00  2.653497e-07
1.215000e+01  2.720313e-07  0.000000e+00  2.720313e-07
1.245000e+01  2.010939e-07  0.000000e+00  2.010939e-07
1.275000e+01  1.543410e-07  0.000000e+00  1.543410e-07
1.305000e+01  1.639367e-07  0.000000e+00  1.639367e-07
1.335000e+01  1.586677e-07  0.000000e+00  1.586677e-07
1.365000e+01  1.257535e-07  0.000000e+00  1.257535e-07
1.395000e+01  1.067190e-07  0.000000e+00  1.067190e-07
1.425000e+01  8.060538e-08  0.000000e+00  8.060538e-08
1.455000e+01  8.057613e-08  0.000000e+00  8.057613e-08
1.485000e+01  6.153848e-08  0.000000e+00  6.153848e-08
1.515000e+01  6.210130e-08  0.000000e+00  6.210130e-08
1.545000e+01  5.704941e-08  0.000000e+00  5.704941e-08
1.575000e+01  5.232020e-08  0.000000e+00  5.232020e-08
1.605000e+01  3.347123e-08  0.000000e+00  3.347123e-08
1.635000e+01  4.471412e-08  0.000000e+00  4.471412e-08
1.665000e+01  3.808956e-08  0.000000e+00  3.808956e-08
1.695000e+01  3.693519e-08  0.000000e+00  3.693519e-08
1.725000e+01  2.777753e-08  0.000000e+00  2.777753e-08
1.755000e+01  2.253693e-08  0.000000e+00  2.253693e-08
1.785000e+01  2.395690e-08  0.000000e+00  2.395690e-08
1.815000e+01  1.707797e-08  0.000000e+00  1.707797e-08
1.845000e+01  2.093859e-08  0.000000e+00  2.093859e-08
1.875000e+01  1.803433e-08  0.000000e+00  1.803433e-08
1.905000e+01  1.492489e-08  0.000000e+00  1.492489e-08
1.935000e+01  1.239907e-08  0.000000e+00  1.239907e-08
1.965000e+01  1.202178e-08  0.000000e+00  1.202178e-08
1.995000e+01  9.860718e-09  0.000000e+00  9.860718e-09
2.025000e+01  9.129232e-09  0.000000e+00  9.129232e-09
2.055000e+01  7.708636e-09  0.000000e+00  7.708636e-09
2.085000e+01  8.889398e-09  0.000000e+00  8.889398e-09
2.115000e+01  8.351609e-09  0.000000e+00  8.351609e-09
2.145000e+01  4.907421e-09  0.000000e+00  4.907421e-09
2.175000e+01  5.913255e-09  0.000000e+00  5.913255e-09
2.205000e+01  7.731678e-09  0.000000e+00  7.731678e-09
2.235000e+01  5.309142e-09  0.000000e+00  5.309142e-09
2.265000e+01  4.802711e-09  0.000000e+00  4.802711e-09
2.295000e+01  5.424446e-09  0.000000e+00  5.424446e-09
2.325000e+01  7.682725e-09  0.000000e+00  7.682725e-09
2.355000e+01  4.846068e-09  0.000000e+00  4.846068e-09
2.385000e+01  3.332083e-09  0.000000e+00  3.332083e-09
2.415000e+01  4.227243e-09  0.000000e+00  4.227243e-09
2.445000e+01  3.499072e-09  0.000000e+00  3.499072e-09
2.475000e+01  2.493462e-09  0.000000e+00  2.493462e-09
2.505000e+01  2.527182e-09  0.000000e+00  2.527182e-09
2.535000e+01  1.756846e-09  0.000000e+00  1.756846e-09
2.565000e+01  2.218616e-09  0.000000e+00  2.218616e-09
2.595000e+01  2.524949e-09  0.000000e+00  2.524949e-09
2.625000e+01  1.604488e-09  0.000000e+00  1.604488e-09
2.655000e+01  2.362296e-09  0.000000e+00  2.362296e-09
2.685000e+01  1.574691e-09  0.000000e+00  1.574691e-09
2.715000e+01  1.523609e-09  0.000000e+00  1.523609e-09
2.745000e+01  1.260791e-09  0.000000e+00  1.260791e-09
2.775000e+01  1.694904e-09  0.000000e+00  1.694904e-09
2.805000e+01  1.210006e-09  0.000000e+00  1.210006e-09
2.835000e+01  1.348605e-09  0.000000e+00  1.348605e-09
2.865000e+01  8.630538e-10  0.000000e+00  8.630538e-10
2.895000e+01  1.078235e-09  0.000000e+00  1.078235e-09
2.925000e+01  7.568837e-10  0.000000e+00  7.568837e-10
2.955000e+01  1.007794e-09  0.000000e+00  1.007794e-09
2.985000e+01  8.746455e-10  0.000000e+00  8.746455e-10
3.015000e+01  7.997048e-10  0.000000e+00  7.997048e-10
3.045000e+01  8.121238e-10  0.000000e+00  8.121238e-10
3.075000e+01  6.615771e-10  0.000000e+00  6.615771e-10
3.105000e+01  5.994242e-10  0.000000e+00  5.994242e-10
3.135000e+01  5.967480e-10  0.000000e+00  5.967480e-10
3.165000e+01  9.284026e-10  0.000000e+00  9.284026e-10
3.195000e+01  5.557378e-10  0.000000e+00  5.557378e-10
3.225000e+01  6.517401e-10  0.000000e+00  6.517401e-10
3.255000e+01  4.709259e-10  0.000000e+00  4.709259e-10
3.285000e+01  4.091501e-10  0.000000e+00  4.091501e-10
3.315000e+01  5.189068e-10  0.000000e+00  5.189068e-10
3.345000e+01  2.855881e-10  0.000000e+00  2.855881e-10
3.375000e+01  3.160943e-10  0.000000e+00  3.160943e-10
3.405000e+01  4.048217e-10  0.000000e+00  4.048217e-10
3.435000e+01  3.208779e-10  0.000000e+00  3.208779e-10
3.465000e+01  4.066646e-10  0.000000e+00  4.066646e-10
3.495000e+01  4.146065e-10  0.000000e+00  4.146065e-10
3.525000e+01  2.333169e-10  0.000000e+00  2.333169e-10
3.555000e+01  5.131281e-10  0.000000e+00  5.131281e-10
3.585000e+01  2.214108e-10  0.000000e+00  2.214108e-10
