#  pT, R = 0.1, 0.2, 0.3, 0.4, 0.5, 0.6
5.500000e+00  1.850777e-01  2.602397e-01  3.431410e-01  4.073601e-01  4.198970e-01  4.232785e-01
6.500000e+00  1.068689e-01  1.723706e-01  2.445963e-01  3.158641e-01  3.559647e-01  3.694594e-01
7.500000e+00  5.989346e-02  1.144755e-01  1.770840e-01  2.405611e-01  3.074162e-01  3.441676e-01
8.500000e+00  3.672780e-02  6.946001e-02  1.148933e-01  1.678039e-01  2.220516e-01  2.774002e-01
9.500000e+00  2.188945e-02  4.760841e-02  8.084813e-02  1.208864e-01  1.655897e-01  2.012637e-01
1.100000e+01  1.305694e-02  2.829000e-02  4.938063e-02  7.061196e-02  9.686650e-02  1.240866e-01
1.300000e+01  6.286048e-03  1.450655e-02  2.490427e-02  3.742359e-02  4.955787e-02  6.062904e-02
1.500000e+01  3.530592e-03  8.647887e-03  1.550313e-02  2.172453e-02  2.837488e-02  3.482655e-02
1.700000e+01  2.152100e-03  5.271922e-03  9.035764e-03  1.322913e-02  1.714563e-02  2.126421e-02
1.900000e+01  1.380508e-03  3.437118e-03  5.741210e-03  8.134643e-03  1.021088e-02  1.233541e-02
2.100000e+01  9.366562e-04  2.464644e-03  4.011711e-03  5.396719e-03  7.195782e-03  8.643366e-03
2.300000e+01  6.471094e-04  1.645918e-03  2.734573e-03  3.766876e-03  4.647641e-03  5.697182e-03
2.500000e+01  4.600048e-04  1.183735e-03  1.917805e-03  2.577111e-03  3.133676e-03  3.613557e-03
2.700000e+01  3.483956e-04  8.752392e-04  1.392793e-03  1.881365e-03  2.283877e-03  2.717551e-03
2.900000e+01  2.583724e-04  6.041388e-04  1.012537e-03  1.345593e-03  1.573390e-03  1.823918e-03
3.200000e+01  1.738922e-04  4.285389e-04  6.553692e-04  8.835817e-04  1.082102e-03  1.250182e-03
3.500000e+01  1.192267e-04  2.809125e-04  4.582518e-04  5.890890e-04  6.684856e-04  7.093926e-04
3.800000e+01  8.386755e-05  2.033682e-04  2.950804e-04  4.006725e-04  4.854288e-04  5.534397e-04
4.500000e+01  4.472164e-05  9.849721e-05  1.434046e-04  1.797313e-04  2.165539e-04  2.444690e-04
5.500000e+01  1.912926e-05  3.998196e-05  5.743865e-05  7.005550e-05  8.025693e-05  8.733771e-05
7.000000e+01  6.494498e-06  1.306527e-05  1.804394e-05  2.219532e-05  2.554779e-05  2.921341e-05
9.000000e+01  1.907702e-06  3.526476e-06  4.781022e-06  5.873406e-06  6.706285e-06  7.360293e-06
1.100000e+02  7.142603e-07  1.239616e-06  1.621518e-06  1.969394e-06  2.250361e-06  2.556517e-06
1.400000e+02  2.190125e-07  3.636564e-07  4.795155e-07  5.630087e-07  6.330160e-07  6.992311e-07
1.800000e+02  5.608134e-08  8.821464e-08  1.129208e-07  1.321579e-07  1.540777e-07  1.587310e-07
3.000000e+02  5.851008e-09  9.048741e-09  1.150757e-08  1.334038e-08  1.471540e-08  1.645148e-08
6.000000e+02  6.350234e-11  9.525431e-11  1.175416e-10  1.372147e-10  1.531546e-10  1.724907e-10
1.000000e+03  2.912214e-13  4.303849e-13  5.394662e-13  5.869360e-13  5.754948e-13  6.979157e-13
1.400000e+03  5.685060e-16  2.023758e-15  3.055030e-15  2.235915e-15  0.000000e+00  0.000000e+00
1.800000e+03  0.000000e+00  0.000000e+00  0.000000e+00  0.000000e+00  0.000000e+00  0.000000e+00
2.250000e+03  0.000000e+00  0.000000e+00  0.000000e+00  0.000000e+00  0.000000e+00  0.000000e+00
2.750000e+03  0.000000e+00  0.000000e+00  0.000000e+00  0.000000e+00  0.000000e+00  0.000000e+00
