-6.941670000000000229e+00 5.777177952261308747e+01 2.032432708000309618e-01 1.817635619095476773e-01 2.032432708000309618e-01
-6.825000000000000178e+00 6.365069741105528323e+01 2.396690471697331681e-01 2.177564576381909589e-01 2.396690471697331681e-01
-6.708330000000000126e+00 6.603140820000001554e+01 2.687155461263414646e-01 2.469769097487439224e-01 2.687155461263414646e-01
-6.591669999999999696e+00 7.256559868251254386e+01 2.955063673811276770e-01 2.998121588442211327e-01 2.955063673811276770e-01
-6.474999999999999645e+00 7.774456081407032570e+01 3.206643841016366681e-01 3.506665997989950601e-01 3.206643841016366681e-01
-6.358329999999999593e+00 8.060959342814071249e+01 3.328624394527384123e-01 3.993689392964821505e-01 3.328624394527384123e-01
-6.241670000000000051e+00 8.509758065326630572e+01 3.686175463921787521e-01 4.638628848743717170e-01 3.686175463921787521e-01
-6.125000000000000000e+00 8.727829816834162102e+01 3.862864205821390784e-01 5.247067543718592075e-01 3.862864205821390784e-01
-6.008329999999999949e+00 8.935725756984928125e+01 4.070925028823930147e-01 5.921966697989949902e-01 4.070925028823930147e-01
-5.891670000000000407e+00 9.151553784271355596e+01 4.286474592951660667e-01 6.708625377889446684e-01 4.286474592951660667e-01
-5.775000000000000355e+00 9.140198120804021187e+01 4.502087229418524905e-01 7.439616703517585306e-01 4.502087229418524905e-01
-5.658330000000000304e+00 9.075743958492458319e+01 4.789357033539163311e-01 8.201992992964819429e-01 4.789357033539163311e-01
-5.541669999999999874e+00 9.014366004155778000e+01 5.168990680027301110e-01 9.030065026130660311e-01 5.168990680027301110e-01
-5.424999999999999822e+00 8.900699309899501088e+01 5.280528696493879126e-01 9.937378991457287425e-01 5.280528696493879126e-01
-5.308329999999999771e+00 8.773828377989950411e+01 5.460473070450442279e-01 1.089271175025126048e+00 5.460473070450442279e-01
-5.191670000000000229e+00 8.574213463015074410e+01 6.017338829363506614e-01 1.184469214572863915e+00 6.017338829363506614e-01
-5.075000000000000178e+00 8.245277319597988708e+01 6.345702813003447629e-01 1.273380843618091784e+00 6.345702813003447629e-01
-4.958330000000000126e+00 7.897861758793970921e+01 6.660109114852424961e-01 1.361166508944723352e+00 6.660109114852424961e-01
-4.841669999999999696e+00 7.516585299396987807e+01 6.914113379864148534e-01 1.445062323467336318e+00 6.914113379864148534e-01
-4.724999999999999645e+00 7.240968209246231879e+01 7.443064562677740303e-01 1.555221612864321479e+00 7.443064562677740303e-01
-4.608329999999999593e+00 6.838874113190955484e+01 8.121321524853086782e-01 1.643898909497487182e+00 8.121321524853086782e-01
-4.491670000000000051e+00 6.395383512512562163e+01 9.111537881378769521e-01 1.718587527437186013e+00 9.111537881378769521e-01
-4.375000000000000000e+00 5.912682710603017711e+01 1.020061752569636937e+00 1.780707095728643274e+00 1.020061752569636937e+00
-4.258329999999999949e+00 5.580732494673365096e+01 1.175420351311436962e+00 1.882511563417085698e+00 1.175420351311436962e+00
-4.141670000000000407e+00 5.107235592070349384e+01 1.403537097942864076e+00 1.928590433065326737e+00 1.403537097942864076e+00
-4.025000000000000355e+00 4.757283076683418699e+01 1.664500315733867586e+00 2.012733091658291507e+00 1.664500315733867586e+00
-3.908329999999999860e+00 4.363203340552765752e+01 1.984263816291891525e+00 2.066947833969849491e+00 1.984263816291891525e+00
-3.791669999999999874e+00 3.989065404472361820e+01 2.532961476950299051e+00 2.121970262814070640e+00 2.532961476950299051e+00
-3.674999999999999822e+00 3.657869643517585700e+01 3.186092257809332029e+00 2.181850056783920522e+00 3.186092257809332029e+00
-3.558330000000000215e+00 3.290324432663314980e+01 3.630759413518536594e+00 2.203560784924622595e+00 3.630759413518536594e+00
-3.441669999999999785e+00 2.988982884824122621e+01 4.564024385272450246e+00 2.244554269849245998e+00 4.564024385272450246e+00
-3.325000000000000178e+00 2.699837380402009757e+01 5.368866660509736377e+00 2.271654062814071118e+00 5.368866660509736377e+00
-3.208330000000000126e+00 2.450328697989950655e+01 6.326590997144187156e+00 2.308755667336684247e+00 6.326590997144187156e+00
-3.091670000000000140e+00 2.193524861809047266e+01 7.007334206743376370e+00 2.321212191457286966e+00 7.007334206743376370e+00
-2.975000000000000089e+00 1.980088537185929809e+01 7.695761955277959032e+00 2.348896132663315317e+00 7.695761955277959032e+00
-2.858330000000000037e+00 1.769340124623115784e+01 8.424165693406575173e+00 2.350753745226130675e+00 8.424165693406575173e+00
-2.741670000000000051e+00 1.586429907035175724e+01 9.065370013121539117e+00 2.363282623115576797e+00 9.065370013121539117e+00
-2.625000000000000000e+00 1.418735913567839191e+01 9.995971910336564292e+00 2.368285844221105219e+00 9.995971910336564292e+00
-2.508329999999999949e+00 1.273008178391959788e+01 1.048389167562493363e+01 2.376474924623115825e+00 1.048389167562493363e+01
-2.391669999999999963e+00 1.134206670854271515e+01 1.100768729926260292e+01 2.366489190954775168e+00 1.100768729926260292e+01
-2.274999999999999911e+00 1.014734867336683166e+01 1.161067581807842330e+01 2.371420065326633964e+00 1.161067581807842330e+01
-2.158329999999999860e+00 8.971842854271356416e+00 1.181995239134949394e+01 2.339923417085429058e+00 1.181995239134949394e+01
-2.041669999999999874e+00 8.049307728643217530e+00 1.248812216607982961e+01 2.340407301507537507e+00 1.248812216607982961e+01
-1.925000000000000044e+00 7.209805628140697920e+00 1.294660889027702311e+01 2.334277231155778676e+00 1.294660889027702311e+01
-1.808329999999999993e+00 6.454804999999995907e+00 1.310829251596327438e+01 2.325579703517587582e+00 1.310829251596327438e+01
-1.691670000000000007e+00 5.762747497487436199e+00 1.279723202783467073e+01 2.300847718592963886e+00 1.279723202783467073e+01
-1.574999999999999956e+00 5.149234155778893651e+00 1.327276546981770977e+01 2.277208984924623536e+00 1.327276546981770977e+01
-1.458329999999999904e+00 4.687422492462313350e+00 1.285911457749577735e+01 2.284291824120601166e+00 1.285911457749577735e+01
-1.341669999999999918e+00 4.178327341708542697e+00 1.316378111869571121e+01 2.240828432160804518e+00 1.316378111869571121e+01
-1.225000000000000089e+00 3.776692688442210066e+00 1.338187794956354537e+01 2.218354015075377106e+00 1.338187794956354537e+01
-1.108330000000000037e+00 3.446185839195980538e+00 1.367470332526872490e+01 2.206996999999998543e+00 1.367470332526872490e+01
-9.916669999999999652e-01 3.147490437185930912e+00 1.368697507941505620e+01 2.186364783919597876e+00 1.368697507941505620e+01
-8.750000000000000000e-01 2.890009663316581268e+00 1.403235958237202752e+01 2.161866231155780582e+00 1.403235958237202752e+01
-7.583330000000000348e-01 2.679180723618090454e+00 1.422696900150181953e+01 2.146124974874370928e+00 1.422696900150181953e+01
-6.416669999999999874e-01 2.466951562814071242e+00 1.440892751620511980e+01 2.098750849246232342e+00 1.440892751620511980e+01
-5.250000000000000222e-01 2.340998068341709981e+00 1.489726883448372163e+01 2.097323139195979902e+00 1.489726883448372163e+01
-4.083330000000000015e-01 2.208780162311556605e+00 1.499909240463640892e+01 2.064511482914572760e+00 1.499909240463640892e+01
-2.916670000000000096e-01 2.124008931658290411e+00 1.536716736539691652e+01 2.051119909547738374e+00 1.536716736539691652e+01
-1.749999999999999889e-01 2.091081895979899574e+00 1.552477537301918531e+01 2.064163727135678972e+00 1.552477537301918531e+01
-5.833329999999999765e-02 2.039592936683417346e+00 1.585644842689883482e+01 2.035788466834172805e+00 1.585644842689883482e+01
5.833329999999999765e-02 2.053960810050251773e+00 1.522050444765496380e+01 2.050133942211056048e+00 1.522050444765496380e+01
1.749999999999999889e-01 2.071851408542714879e+00 1.468823286904811631e+01 2.045111187939698816e+00 1.468823286904811631e+01
2.916670000000000096e-01 2.140351530954773818e+00 1.453161401225416149e+01 2.066770036783919018e+00 1.453161401225416149e+01
4.083330000000000015e-01 2.211001752060302472e+00 1.447237235607776817e+01 2.066613278040199564e+00 1.447237235607776817e+01
5.250000000000000222e-01 2.353399676381909167e+00 1.438531047636123361e+01 2.108045346331658187e+00 1.438531047636123361e+01
6.416669999999999874e-01 2.482826575728643181e+00 1.441934936411680823e+01 2.111856346633165238e+00 1.441934936411680823e+01
7.583330000000000348e-01 2.676857201005026887e+00 1.406476897069215148e+01 2.144516452261306494e+00 1.406476897069215148e+01
8.750000000000000000e-01 2.882251502512560570e+00 1.414523401450801643e+01 2.156012301507538975e+00 1.414523401450801643e+01
9.916669999999999652e-01 3.150468140703517772e+00 1.352374829303273884e+01 2.187320366834171192e+00 1.352374829303273884e+01
1.108330000000000037e+00 3.443273125678391722e+00 1.363300977458437124e+01 2.204502741457285975e+00 1.363300977458437124e+01
1.225000000000000089e+00 3.808216706984923317e+00 1.357447474530226117e+01 2.236397139296481651e+00 1.357447474530226117e+01
1.341669999999999918e+00 4.200931537688443740e+00 1.392303861533910592e+01 2.251093582914571289e+00 1.392303861533910592e+01
1.458329999999999904e+00 4.655372139145729449e+00 1.370156059195241127e+01 2.272026241909549604e+00 1.370156059195241127e+01
1.574999999999999956e+00 5.157193802562813900e+00 1.301515129316944019e+01 2.281774571306531385e+00 1.301515129316944019e+01
1.691670000000000007e+00 5.785542015075375133e+00 1.322259849637805473e+01 2.310109773869345684e+00 1.322259849637805473e+01
1.808329999999999993e+00 6.412138673366837516e+00 1.382585693149651718e+01 2.308403391959799489e+00 1.382585693149651718e+01
1.925000000000000044e+00 7.198176914572862017e+00 1.243224744191221376e+01 2.330506346733668632e+00 1.243224744191221376e+01
2.041669999999999874e+00 8.047327653266323821e+00 1.188758117227487077e+01 2.340443195979899471e+00 1.188758117227487077e+01
2.158329999999999860e+00 8.973225947738697528e+00 1.188112221326031914e+01 2.339899956231155542e+00 1.188112221326031914e+01
2.274999999999999911e+00 1.001804216080401666e+01 1.126871145846195255e+01 2.338777874371858800e+00 1.126871145846195255e+01
2.391669999999999963e+00 1.119039100502512341e+01 1.102028603451631739e+01 2.338527738693466862e+00 1.102028603451631739e+01
2.508329999999999949e+00 1.251967708542713531e+01 1.063475334000194472e+01 2.336654889447236094e+00 1.063475334000194472e+01
2.625000000000000000e+00 1.395049427135678499e+01 9.693883395261766012e+00 2.328183889447236865e+00 9.693883395261766012e+00
2.741670000000000051e+00 1.560468934673366626e+01 9.302028051290017530e+00 2.323349100502512421e+00 9.302028051290017530e+00
2.858330000000000037e+00 1.720145407035176177e+01 8.213321536103018516e+00 2.287918447236180430e+00 8.213321536103018516e+00
2.975000000000000089e+00 1.911829537688442215e+01 7.713944658392689391e+00 2.267972030150754215e+00 7.713944658392689391e+00
3.091670000000000140e+00 2.118215226130654116e+01 6.883552724664171230e+00 2.244020668341708102e+00 6.883552724664171230e+00
3.208330000000000126e+00 2.354095532663317414e+01 5.815200130819953017e+00 2.223591251256280987e+00 5.815200130819953017e+00
3.325000000000000178e+00 2.609566366834169315e+01 5.072026446968621372e+00 2.200384582914573173e+00 5.072026446968621372e+00
3.441669999999999785e+00 2.890012482412061345e+01 4.347408836278334299e+00 2.173568402010049194e+00 4.347408836278334299e+00
3.558330000000000215e+00 3.174047095477387970e+01 3.654074520453200581e+00 2.127264552763820760e+00 3.654074520453200581e+00
3.674999999999999822e+00 3.466366023115579509e+01 3.086522870940312746e+00 2.071196526633166446e+00 3.086522870940312746e+00
3.791669999999999874e+00 3.831013094974869659e+01 2.427827981443324123e+00 2.042713419597990132e+00 2.427827981443324123e+00
3.908329999999999860e+00 4.140625021105526571e+01 2.020028762300710490e+00 1.967426680402010186e+00 2.020028762300710490e+00
4.025000000000000355e+00 4.514040072864324316e+01 1.736405691770892323e+00 1.913708424623114634e+00 1.736405691770892323e+00
4.141670000000000407e+00 4.901057742211053636e+01 1.389778286802421325e+00 1.852690945226131092e+00 1.389778286802421325e+00
4.258329999999999949e+00 5.296991904020098474e+01 1.145990846201832003e+00 1.787768427638190882e+00 1.145990846201832003e+00
4.375000000000000000e+00 5.675111724422112047e+01 9.965595968629398227e-01 1.710487386432161028e+00 9.965595968629398227e-01
4.491670000000000051e+00 6.137908089949748813e+01 9.291055642740728704e-01 1.650291081457285980e+00 9.291055642740728704e-01
4.608329999999999593e+00 6.596342427638187189e+01 8.523448723302138319e-01 1.584994341206030777e+00 8.523448723302138319e-01
4.724999999999999645e+00 6.911470484522617141e+01 7.722547498866927373e-01 1.484157572462311725e+00 7.722547498866927373e-01
4.841669999999999696e+00 7.445260998190954638e+01 7.291449492612535055e-01 1.424311512361808862e+00 7.291449492612535055e-01
4.958330000000000126e+00 7.881608387688440587e+01 6.850903966266256306e-01 1.349270065527637286e+00 6.850903966266256306e-01
5.075000000000000178e+00 8.153865596984923059e+01 6.389652835944628073e-01 1.249218041206030749e+00 6.389652835944628073e-01
5.191670000000000229e+00 8.517754823869346126e+01 6.251010843045339271e-01 1.167630283216080977e+00 6.251010843045339271e-01
5.308329999999999771e+00 8.921444602010052449e+01 5.753643085901337662e-01 1.091674571758794121e+00 5.753643085901337662e-01
5.424999999999999822e+00 9.134908179648240889e+01 5.279910258181231830e-01 1.005649795427135285e+00 5.279910258181231830e-01
5.541669999999999874e+00 9.457818212814075309e+01 5.057428439110842611e-01 9.340842288442208208e-01 5.057428439110842611e-01
5.658330000000000304e+00 9.698262194120599133e+01 4.805949953021688703e-01 8.580909745728637628e-01 4.805949953021688703e-01
5.775000000000000355e+00 9.765546912713566030e+01 4.638585741634541626e-01 7.774221674371861734e-01 4.638585741634541626e-01
5.891670000000000407e+00 9.786235262713574912e+01 4.333036181836081302e-01 6.995266274371862991e-01 4.333036181836081302e-01
6.008329999999999949e+00 9.945519525276388606e+01 4.183896662233680397e-01 6.388491248241203735e-01 4.183896662233680397e-01
6.125000000000000000e+00 9.797824537085431018e+01 3.880334216339763054e-01 5.684476074371862531e-01 3.880334216339763054e-01
6.241670000000000051e+00 9.573511132713565530e+01 3.672027781427818494e-01 5.029720682412057720e-01 3.672027781427818494e-01
6.358329999999999593e+00 9.386794327839194807e+01 3.335747454727086003e-01 4.464559629648242045e-01 3.335747454727086003e-01
6.474999999999999645e+00 9.094184018391960933e+01 3.142042049116066660e-01 3.946241458291456228e-01 3.142042049116066660e-01
6.591669999999999696e+00 8.539011272964823718e+01 2.847537111762440398e-01 3.367079444723617421e-01 2.847537111762440398e-01
6.708330000000000126e+00 8.119177411859297422e+01 2.520901791780658097e-01 2.898354610050252189e-01 2.520901791780658097e-01
6.825000000000000178e+00 7.648453222663316353e+01 2.219398786291310599e-01 2.505084318592964432e-01 2.219398786291310599e-01
6.941670000000000229e+00 6.925626227135677482e+01 2.037177171879126503e-01 2.098652251758794107e-01 2.037177171879126503e-01

