-6.941670000000000229e+00 5.033055554493240180e+01 8.717986816518768478e+01 1.633068318918919071e-01 1.827020214470612136e-01
-6.825000000000000178e+00 5.685846435101351659e+01 8.724453291288642731e+01 1.997753246621621626e-01 2.105115565100456332e-01
-6.708330000000000126e+00 6.192212424797293835e+01 8.392156828160543114e+01 2.351706654729731061e-01 2.398401427830722799e-01
-6.591669999999999696e+00 6.562650542939194054e+01 7.706414280165698472e+01 2.730115749662163083e-01 2.481875983082638126e-01
-6.474999999999999645e+00 6.871755424324327066e+01 7.124445248971281330e+01 3.129953711148651396e-01 2.647882569666076824e-01
-6.358329999999999593e+00 7.229060531216217100e+01 6.706615180983799007e+01 3.603521851013513078e-01 2.861464162469295469e-01
-6.241670000000000051e+00 7.568811485945937534e+01 6.466846524951489528e+01 4.148534187837838449e-01 3.157276523413528602e-01
-6.125000000000000000e+00 7.703089492905399993e+01 5.856801047168931973e+01 4.633751803716215090e-01 3.185254486511101546e-01
-6.008329999999999949e+00 8.012571388479732093e+01 5.591286359954594332e+01 5.338154494932431104e-01 3.425563565573330194e-01
-5.891670000000000407e+00 8.005673665135140027e+01 5.114780634507361157e+01 5.896238121959457290e-01 3.476185200614333448e-01
-5.775000000000000355e+00 8.006458459662161431e+01 4.835849609197172327e+01 6.569401235135138295e-01 3.705418111130779346e-01
-5.658330000000000304e+00 8.057392749932436971e+01 4.409022395170882902e+01 7.300141810472973170e-01 3.770357433148789905e-01
-5.541669999999999874e+00 7.928515918074320723e+01 4.181107137227731130e+01 7.979640181081075756e-01 4.012968095203740537e-01
-5.424999999999999822e+00 7.786795251486485370e+01 3.864610796240675228e+01 8.738549041216213675e-01 4.140404924633130923e-01
-5.308329999999999771e+00 7.681381202533783892e+01 3.682427478384314412e+01 9.581986470270272838e-01 4.420019288241337496e-01
-5.191670000000000229e+00 7.390852864966214497e+01 3.399470014434461973e+01 1.026773034189189637e+00 4.537268757575852463e-01
-5.075000000000000178e+00 7.176564885675682604e+01 3.256945447062307153e+01 1.113873118513513338e+00 4.859494727303471096e-01
-4.958330000000000126e+00 6.864926536148651337e+01 2.998330928256963901e+01 1.189502802972972395e+00 4.987430967785436708e-01
-4.841669999999999696e+00 6.615573190304054663e+01 2.780520474238993955e+01 1.279899431520270303e+00 5.196479960217569305e-01
-4.724999999999999645e+00 6.293725957942569949e+01 2.684082748480445701e+01 1.364083268445945851e+00 5.603272655003983527e-01
-4.608329999999999593e+00 5.937439575675672643e+01 2.511231366768592466e+01 1.438521914087838027e+00 5.823261014091531962e-01
-4.491670000000000051e+00 5.590925931385137915e+01 2.389949746456287016e+01 1.516840237331080532e+00 6.208926147358568848e-01
-4.375000000000000000e+00 5.225688104249995547e+01 2.306332033039173623e+01 1.587420107939189196e+00 6.687001367660958540e-01
-4.258329999999999949e+00 4.872494423459460933e+01 2.247424411091092367e+01 1.655532507027027034e+00 7.259377073821114967e-01
-4.141670000000000407e+00 4.522316703547298289e+01 2.090793278759809581e+01 1.721435098378380157e+00 7.570573855204811853e-01
-4.025000000000000355e+00 4.203104775371622992e+01 1.998293248133291655e+01 1.790531494729729944e+00 8.092773034145993583e-01
-3.908329999999999860e+00 3.882399726810810847e+01 1.915368172875709263e+01 1.857166280641892930e+00 8.679810683964611639e-01
-3.791669999999999874e+00 3.563440138135133139e+01 1.813923424348574187e+01 1.909624978412162388e+00 9.168270474555610949e-01
-3.674999999999999822e+00 3.296300062334459113e+01 1.734711028088849716e+01 1.977517446047297511e+00 9.808129277227032317e-01
-3.558330000000000215e+00 2.984328386148647283e+01 1.623013916595601458e+01 2.007506860135133131e+00 1.033433898531048500e+00
-3.441669999999999785e+00 2.735062087358107874e+01 1.674416977692631292e+01 2.062796089425674939e+00 1.186491258078686828e+00
-3.325000000000000178e+00 2.472650752364864246e+01 1.447781267696827534e+01 2.088329405743245104e+00 1.156408075054547124e+00
-3.208330000000000126e+00 2.241844394087838666e+01 1.407624413160940158e+01 2.124352394155403001e+00 1.256188020654507298e+00
-3.091670000000000140e+00 2.028162559716216506e+01 1.368310099108493105e+01 2.155103230439190387e+00 1.362086656948157115e+00
-2.975000000000000089e+00 1.829433294462837267e+01 1.326319595529151663e+01 2.179371864222972910e+00 1.477257315878128141e+00
-2.858330000000000037e+00 1.649989400864863498e+01 1.265829069013758712e+01 2.201457486959457199e+00 1.583183337949897407e+00
-2.741670000000000051e+00 1.491603414945945971e+01 1.225157277448649751e+01 2.227647423412161487e+00 1.713136483158499201e+00
-2.625000000000000000e+00 1.336700819743243152e+01 1.267212871740377800e+01 2.233874731722973905e+00 1.974618010711834515e+00
-2.508329999999999949e+00 1.194787306621621070e+01 1.288649333850833045e+01 2.236436075675677593e+00 2.242348232525661178e+00
-2.391669999999999963e+00 1.075578735236486949e+01 1.314586018628832242e+01 2.252904269560808803e+00 2.554399386037656594e+00
-2.274999999999999911e+00 9.659418689189189777e+00 1.475528596048301644e+01 2.257641133108105436e+00 3.187967239607558234e+00
-2.158329999999999860e+00 8.653663711148649185e+00 1.815945192395728114e+01 2.262162025337836724e+00 4.342199472169042451e+00
-2.041669999999999874e+00 7.710580473310815641e+00 2.247808909567976698e+01 2.244739224662162691e+00 5.949916344385033362e+00
-1.925000000000000044e+00 6.921206662162157741e+00 2.673795297369843027e+01 2.244832057094594102e+00 7.873443611145482635e+00
-1.808329999999999993e+00 6.214206864189190327e+00 3.134625862580227462e+01 2.240220921959458433e+00 1.025215226114942446e+01
-1.691670000000000007e+00 5.552435033783785556e+00 3.864766164919059577e+01 2.219684602702703735e+00 1.406180476564741433e+01
-1.574999999999999956e+00 5.006284057432433876e+00 4.646640395580042338e+01 2.216719590878376778e+00 1.876648215441721490e+01
-1.458329999999999904e+00 4.504415283783782087e+00 6.616593797085118922e+01 2.197657908783783309e+00 2.959244576018699391e+01
-1.341669999999999918e+00 4.069695564189186321e+00 7.944515861073374197e+01 2.184557513513514238e+00 3.922560712548284556e+01
-1.225000000000000089e+00 3.663982033783786285e+00 9.825857030056137376e+01 2.154985466216216672e+00 5.359205608303827972e+01
-1.108330000000000037e+00 3.348571699324324857e+00 1.248776032283532942e+02 2.144456233108110066e+00 7.473769704952354687e+01
-9.916669999999999652e-01 3.056516479729729951e+00 1.394088139110184841e+02 2.122296175675676189e+00 9.129754671519785347e+01
-8.750000000000000000e-01 2.798174851351352466e+00 1.499307045701267782e+02 2.094691770270268982e+00 1.068836537014378791e+02
-7.583330000000000348e-01 2.580574874999999047e+00 1.804670910909488555e+02 2.067809746621621425e+00 1.389454567162751459e+02
-6.416669999999999874e-01 2.406403831081082245e+00 1.864626810708418532e+02 2.047416003378379035e+00 1.538522710083295237e+02
-5.250000000000000222e-01 2.255237047297298236e+00 1.938472174470360585e+02 2.020953689189190161e+00 1.700556053630463680e+02
-4.083330000000000015e-01 2.132043773648649498e+00 2.035080840503321156e+02 1.992971016891892377e+00 1.877971452653190738e+02
-2.916670000000000096e-01 2.057956594594594346e+00 2.291712926546377957e+02 1.987346797297294909e+00 2.197620759448787169e+02
-1.749999999999999889e-01 2.016492729729729039e+00 2.349690933713980598e+02 1.990583712837836972e+00 2.313120112712672665e+02
-5.833329999999999765e-02 1.996645246621623127e+00 2.282934312042000045e+02 1.992933189189189269e+00 2.277701857806086423e+02
5.833329999999999765e-02 1.981751537162161902e+00 2.229532529834210379e+02 1.978072891891891727e+00 2.224504419915956532e+02
1.749999999999999889e-01 2.012958118243243000e+00 2.300924582636959599e+02 1.987047854729729668e+00 2.265174268331460041e+02
2.916670000000000096e-01 2.068255344594593037e+00 2.302542596160316180e+02 1.997461516891890332e+00 2.207512420364820116e+02
4.083330000000000015e-01 2.163995304054053381e+00 2.294448389307124501e+02 2.022834094594594401e+00 2.116454501781072963e+02
5.250000000000000222e-01 2.267481760135138025e+00 2.091789819210623591e+02 2.031784388513513395e+00 1.834729238359111321e+02
6.416669999999999874e-01 2.405298493243242408e+00 2.006554286797763496e+02 2.046978797297298147e+00 1.656680618008024624e+02
7.583330000000000348e-01 2.586535283783784944e+00 1.853304806014245685e+02 2.072393966216215411e+00 1.426728117751651439e+02
8.750000000000000000e-01 2.806925513513512715e+00 1.642780879396075022e+02 2.100973168918917722e+00 1.170818215215384726e+02
9.916669999999999652e-01 3.051910081081082193e+00 1.237998613947385422e+02 2.120504057432432088e+00 8.121027380012303354e+01
1.108330000000000037e+00 3.358063584459457296e+00 1.034921834163695991e+02 2.151530648648647404e+00 6.199656885615365809e+01
1.225000000000000089e+00 3.693492648648649013e+00 9.534394669677713807e+01 2.170815854729729377e+00 5.189728303965929967e+01
1.341669999999999918e+00 4.090521469594594173e+00 7.543537342829492331e+01 2.194719172297296961e+00 3.726106561952625640e+01
1.458329999999999904e+00 4.514766226351349943e+00 5.997615832742406639e+01 2.203458692567568544e+00 2.683449069524028019e+01
1.574999999999999956e+00 5.064880827702706867e+00 4.605076365196243415e+01 2.242451510135135884e+00 1.860205494388555891e+01
1.691670000000000007e+00 5.611048439189184833e+00 3.650981660630203152e+01 2.242943597972974601e+00 1.327862974120365891e+01
1.808329999999999993e+00 6.300039003378377522e+00 3.210552378885733305e+01 2.270732641891893167e+00 1.051451490948753786e+01
1.925000000000000044e+00 7.015726760135131634e+00 2.718447157692748561e+01 2.274401618243244272e+00 7.991014240411132619e+00
2.041669999999999874e+00 7.899067287162162110e+00 2.289894733931647153e+01 2.299180513513513269e+00 6.066441537136714857e+00
2.158329999999999860e+00 8.800935128378378991e+00 1.769743107210709709e+01 2.296824614864864333e+00 4.231127098500300221e+00
2.274999999999999911e+00 9.905558925675672199e+00 1.513220880889510944e+01 2.313180050675673449e+00 3.256424880651989984e+00
2.391669999999999963e+00 1.099246783108108616e+01 1.359761923902147629e+01 2.299496679054053860e+00 2.636283083647569914e+00
2.508329999999999949e+00 1.239314172635135591e+01 1.265453539983598219e+01 2.314965425675673760e+00 2.205551083546490876e+00
2.625000000000000000e+00 1.383600619256757724e+01 1.245099506622472063e+01 2.307774013513513189e+00 1.938627214176514180e+00
2.741670000000000051e+00 1.549193627702701903e+01 1.229067062071095506e+01 2.307574461824323908e+00 1.716539688922100959e+00
2.858330000000000037e+00 1.718465780405405141e+01 1.267687467953106406e+01 2.284603067567568147e+00 1.583223326445112988e+00
2.975000000000000089e+00 1.911123993918919339e+01 1.335308074577495496e+01 2.268746077702703978e+00 1.487735807442588376e+00
3.091670000000000140e+00 2.130105858851351286e+01 1.368758919987044997e+01 2.256112874662159928e+00 1.362268028252644037e+00
3.208330000000000126e+00 2.370486485810810251e+01 1.441188569820856813e+01 2.236958679391894300e+00 1.282041694637084062e+00
3.325000000000000178e+00 2.618471471081079827e+01 1.500940381407989754e+01 2.203282070945944415e+00 1.191765527294457616e+00
3.441669999999999785e+00 2.884835348952703171e+01 1.588978086399127321e+01 2.168178411486487711e+00 1.126121279326112834e+00
3.558330000000000215e+00 3.181890384797299021e+01 1.636614286367985116e+01 2.128119554391891377e+00 1.036534388282596142e+00
3.674999999999999822e+00 3.505139564733106283e+01 1.707976228777415528e+01 2.091933682770270142e+00 9.685936382897866181e-01
3.791669999999999874e+00 3.821790799662164773e+01 1.739767585956828100e+01 2.035279640878380203e+00 8.825861159134728018e-01
3.908329999999999860e+00 4.191206742770271632e+01 1.833263304838415664e+01 1.993788945574326288e+00 8.314789884803094333e-01
4.025000000000000355e+00 4.550983571013513540e+01 1.930625793529429401e+01 1.930992039966216822e+00 7.826000301438663653e-01
4.141670000000000407e+00 4.962161173577701589e+01 2.053182300896223111e+01 1.874839438986485751e+00 7.443234252722759070e-01
4.258329999999999949e+00 5.323622528749999816e+01 2.134482493764847177e+01 1.797992609797297581e+00 6.931017796792139363e-01
4.375000000000000000e+00 5.756996020283784787e+01 2.259765404609341388e+01 1.737194159662163173e+00 6.575789813957899632e-01
4.491670000000000051e+00 6.204998965638517205e+01 2.331227807626990867e+01 1.671032330506756924e+00 6.067664878780731907e-01
4.608329999999999593e+00 6.583425569391889098e+01 2.479301626063114483e+01 1.585990243040540371e+00 5.776243742392542790e-01
4.724999999999999645e+00 7.004044369527022695e+01 2.628871049196669674e+01 1.509949303074324956e+00 5.485972681164575926e-01
4.841669999999999696e+00 7.366357791047303749e+01 2.785077819782796738e+01 1.418443200135135696e+00 5.224397217817113859e-01
4.958330000000000126e+00 7.692260877162159716e+01 2.969305824438702857e+01 1.322932803986485606e+00 4.951990074389018837e-01
5.075000000000000178e+00 8.034674042905407987e+01 3.184037472963248661e+01 1.239112426317568350e+00 4.769815824802812187e-01
5.191670000000000229e+00 8.341709473581082079e+01 3.371387313811143827e+01 1.149576228175676063e+00 4.530294458041041472e-01
5.308329999999999771e+00 8.541872928500001194e+01 3.589447031950700051e+01 1.059898860067567616e+00 4.265410269905899887e-01
5.424999999999999822e+00 8.732238022533783806e+01 3.897894300331871165e+01 9.718563683108114581e-01 4.190896824802501364e-01
5.541669999999999874e+00 8.896065662770269000e+01 4.228265234623606261e+01 8.900962205405409389e-01 4.042569136718160983e-01
5.658330000000000304e+00 8.912541120000005890e+01 4.332916569267226947e+01 8.026287528378377445e-01 3.705934962633607999e-01
5.775000000000000355e+00 8.970072060135133540e+01 4.750134104540815372e+01 7.260248405067568633e-01 3.622601950257260395e-01
5.891670000000000407e+00 9.019593554729729590e+01 5.186551393718117708e+01 6.582136322635138148e-01 3.540985135415626872e-01
6.008329999999999949e+00 8.795913624324326463e+01 5.469569586943458717e+01 5.789763633445946800e-01 3.326603369548127298e-01
6.125000000000000000e+00 8.498899336385136394e+01 6.039737068137823428e+01 5.084822503378378933e-01 3.287317095440044357e-01
6.241670000000000051e+00 8.212711253006756351e+01 6.460829052520261939e+01 4.453192500675675625e-01 3.119914247162818843e-01
6.358329999999999593e+00 7.783022881013508254e+01 6.836074810100255661e+01 3.841082506418919129e-01 2.924398183978759724e-01
6.474999999999999645e+00 7.324836704611486482e+01 7.372398146296343668e+01 3.316939712499999970e-01 2.730957552079159578e-01
6.591669999999999696e+00 6.763549650810809055e+01 7.640389579130516040e+01 2.809032673310811745e-01 2.439287631356203967e-01
6.708330000000000126e+00 6.399024895574331140e+01 8.182412811215939996e+01 2.433709903716216871e-01 2.308522694227715388e-01
6.825000000000000178e+00 5.703457980270274419e+01 8.701924383861786794e+01 2.019682613851348785e-01 2.081270610076747241e-01
6.941670000000000229e+00 5.101933420472975200e+01 8.890477910633433112e+01 1.665358673648647536e-01 1.847355604782590366e-01

