-6.941670000000000229e+00 6.441221764428571817e+01 1.284631536602813355e+02 1.999872201680672201e-01 2.625846762492687336e-01
-6.825000000000000178e+00 7.039360554621849531e+01 1.245757256298403348e+02 2.406566238655461487e-01 3.000437811983182601e-01
-6.708330000000000126e+00 7.467405276470587694e+01 1.251459349026780927e+02 2.766588815966387616e-01 3.452519639453958677e-01
-6.591669999999999696e+00 8.252099518487389673e+01 1.157942434245613583e+02 3.330104340336135227e-01 3.713693477425500378e-01
-6.474999999999999645e+00 8.465596463109243075e+01 1.122797670041044853e+02 3.773052939495797342e-01 4.118655750771615942e-01
-6.358329999999999593e+00 9.056558626302521020e+01 1.104677015632915555e+02 4.433305291596636444e-01 4.621378696433491862e-01
-6.241670000000000051e+00 9.428907577008408225e+01 1.050015294622014324e+02 5.047675384033614154e-01 4.952517321071838730e-01
-6.125000000000000000e+00 9.498819039495796801e+01 1.055250182395398610e+02 5.643567920168066632e-01 5.539229799781877350e-01
-6.008329999999999949e+00 9.818291045277308626e+01 1.047204713380542813e+02 6.461216615966385302e-01 6.084729128551462640e-01
-5.891670000000000407e+00 9.850412638235299312e+01 1.065428646592307587e+02 7.183068436974791027e-01 6.996338335302682010e-01
-5.775000000000000355e+00 9.966344445042018663e+01 1.022172211215111730e+02 8.063706756302526646e-01 7.433062084890778021e-01
-5.658330000000000304e+00 9.788884789075628134e+01 9.988906636655282512e+01 8.832253084033615531e-01 8.063029266239725157e-01
-5.541669999999999874e+00 9.741171464873953312e+01 9.745274452995273862e+01 9.761027294117645692e-01 8.761983953771085298e-01
-5.424999999999999822e+00 9.528356825890753612e+01 9.290440092012633500e+01 1.060733462100839963e+00 9.357124929770597177e-01
-5.308329999999999771e+00 9.392228221731092219e+01 9.409658294728578198e+01 1.165460121092437351e+00 1.054336122156120048e+00
-5.191670000000000229e+00 9.154875231260507462e+01 8.700725582194893093e+01 1.266710466134453927e+00 1.092606875422060142e+00
-5.075000000000000178e+00 8.757908674201679844e+01 8.281006656276115052e+01 1.353517949663865183e+00 1.157157751588752337e+00
-4.958330000000000126e+00 8.389733032773109755e+01 7.993073923330813102e+01 1.446459926890757197e+00 1.254121642205222154e+00
-4.841669999999999696e+00 8.143145642352936875e+01 7.348915456934170720e+01 1.569413585462185123e+00 1.295547635988425261e+00
-4.724999999999999645e+00 7.663254695798316618e+01 6.820828435221605446e+01 1.646619286638655311e+00 1.346630580305052893e+00
-4.608329999999999593e+00 7.302932732226889811e+01 6.163771317879077571e+01 1.759652487310923608e+00 1.369440059381656472e+00
-4.491670000000000051e+00 6.831717958403363866e+01 5.938332119380626750e+01 1.843568954621850109e+00 1.475637131666972302e+00
-4.375000000000000000e+00 6.474222511764705246e+01 5.303509092687013293e+01 1.950827649579831791e+00 1.475911043493816077e+00
-4.258329999999999949e+00 6.011412946638652954e+01 4.843155025109607692e+01 2.027498683193277529e+00 1.516900668596858903e+00
-4.141670000000000407e+00 5.666353749243696569e+01 4.461272310338920022e+01 2.142034518487395456e+00 1.560806303101786918e+00
-4.025000000000000355e+00 5.250563579327729968e+01 4.036172999173201958e+01 2.225433528571429509e+00 1.590811038209854811e+00
-3.908329999999999860e+00 4.839075213445380541e+01 3.638760424411866268e+01 2.295993017647059542e+00 1.614008397011508000e+00
-3.791669999999999874e+00 4.433732985731094089e+01 3.295990009334246196e+01 2.357920842016806962e+00 1.637750340478529187e+00
-3.674999999999999822e+00 4.110388410084031818e+01 2.941944486391512825e+01 2.452240413445376355e+00 1.644611886391501354e+00
-3.558330000000000215e+00 3.734627292436974244e+01 2.641504255188725736e+01 2.492139205042016581e+00 1.659010446765753377e+00
-3.441669999999999785e+00 3.409953353781512675e+01 2.383141067725237860e+01 2.553715626890756596e+00 1.680466436517052520e+00
-3.325000000000000178e+00 3.127986490756302018e+01 2.165936634427539431e+01 2.623574709243698955e+00 1.715374676868909098e+00
-3.208330000000000126e+00 2.835566922689074687e+01 1.937706691858591412e+01 2.664556451260503778e+00 1.722873977680146274e+00
-3.091670000000000140e+00 2.551580100000001039e+01 1.741676420308149531e+01 2.689120815126051500e+00 1.735781809555204447e+00
-2.975000000000000089e+00 2.288772170588234900e+01 1.531916094742915746e+01 2.705363386554620941e+00 1.719007320555710372e+00
-2.858330000000000037e+00 2.047026652100840138e+01 1.398386884387967477e+01 2.709172042016807946e+00 1.759801196691222369e+00
-2.741670000000000051e+00 1.831469950588235207e+01 1.244017680000233561e+01 2.723622120168065930e+00 1.760003534657248014e+00
-2.625000000000000000e+00 1.654272908739496017e+01 1.121188658662077486e+01 2.752118847899160059e+00 1.775614298824958359e+00
-2.508329999999999949e+00 1.494672145722689116e+01 1.018710585476688379e+01 2.785820836470588535e+00 1.808021724526542418e+00
-2.391669999999999963e+00 1.336070341445378062e+01 9.105032613285786169e+00 2.781338213781511914e+00 1.805110477189444840e+00
-2.274999999999999911e+00 1.185679179831932295e+01 8.181582645895030481e+00 2.759478025210084340e+00 1.819595304608292663e+00
-2.158329999999999860e+00 1.064702122512605342e+01 7.401217823732553214e+00 2.766085809747899305e+00 1.837917944809996706e+00
-2.041669999999999874e+00 9.516982347310921853e+00 6.776651318801191870e+00 2.758917798907561725e+00 1.876002561713397299e+00
-1.925000000000000044e+00 8.502489857142856877e+00 5.970553306807807381e+00 2.744121862184873528e+00 1.843577566997736561e+00
-1.808329999999999993e+00 7.568948336134453392e+00 5.463506884655786600e+00 2.713754516806722528e+00 1.879903535307172024e+00
-1.691670000000000007e+00 6.765198027058824337e+00 4.889596836965786508e+00 2.693016841260504002e+00 1.871572330044769972e+00
-1.574999999999999956e+00 6.091259781512605720e+00 4.386847244762797082e+00 2.682479697478992620e+00 1.864857236677394337e+00
-1.458329999999999904e+00 5.476230293277311034e+00 3.783890866830298183e+00 2.663985973949579922e+00 1.780752003836805653e+00
-1.341669999999999918e+00 4.949729289075628813e+00 3.586667373001665382e+00 2.648406169747898442e+00 1.861037020780266227e+00
-1.225000000000000089e+00 4.426821130252101888e+00 3.203669915031575499e+00 2.594739320168066854e+00 1.825470173901170723e+00
-1.108330000000000037e+00 4.068861384033612971e+00 2.913319473724017339e+00 2.601682367226890502e+00 1.818250899282368716e+00
-9.916669999999999652e-01 3.677179349579831946e+00 2.611831188922496327e+00 2.550145774789915443e+00 1.773467346835451819e+00
-8.750000000000000000e-01 3.374101850420168525e+00 2.480986916722281777e+00 2.521110707563025244e+00 1.821349040686907284e+00
-7.583330000000000348e-01 3.116458416806721754e+00 2.323829316447701299e+00 2.494278442857143840e+00 1.832563800494079631e+00
-6.416669999999999874e-01 2.925950922689076084e+00 2.197254211727251327e+00 2.487727933613444797e+00 1.847210649086549195e+00
-5.250000000000000222e-01 2.733074411764706557e+00 2.057272161321779258e+00 2.446758000000000433e+00 1.827486282554329433e+00
-4.083330000000000015e-01 2.617573714285712505e+00 1.974685874784821271e+00 2.446115352941176990e+00 1.836419144626257216e+00
-2.916670000000000096e-01 2.498803974789916893e+00 1.908789381437535404e+00 2.412493050420167595e+00 1.838110154661658946e+00
-1.749999999999999889e-01 2.441065201680672647e+00 1.866101517416945521e+00 2.409332445378149501e+00 1.840053900889745409e+00
-5.833329999999999765e-02 2.419631050420168350e+00 1.828728809646728459e+00 2.415095386554622081e+00 1.825049273390249693e+00
5.833329999999999765e-02 2.393819344537815308e+00 1.782326395577225497e+00 2.389327243697479730e+00 1.778726592329932910e+00
1.749999999999999889e-01 2.449562252100842663e+00 1.812298245553354281e+00 2.417834268907562034e+00 1.787236151135201734e+00
2.916670000000000096e-01 2.509548647058823967e+00 1.889406040043192014e+00 2.422741974789915709e+00 1.819491434528075269e+00
4.083330000000000015e-01 2.620269092436976255e+00 2.012293854400617032e+00 2.448522563025210097e+00 1.870966982137284074e+00
5.250000000000000222e-01 2.766822218487395624e+00 2.118219548834173072e+00 2.477056823529411478e+00 1.881838914634013316e+00
6.416669999999999874e-01 2.946205529411764612e+00 2.211672000565811924e+00 2.503754033613443841e+00 1.859389244888391524e+00
7.583330000000000348e-01 3.168783126050419785e+00 2.455090658131813264e+00 2.534907478991597962e+00 1.935035688611823401e+00
8.750000000000000000e-01 3.421666672268908194e+00 2.622240784965200522e+00 2.556663042016806386e+00 1.923540046154258665e+00
9.916669999999999652e-01 3.720413277310924194e+00 2.789242507827911055e+00 2.579310478991596156e+00 1.893270940267775204e+00
1.108330000000000037e+00 4.078128663865545178e+00 3.087973493814899939e+00 2.607887386554623266e+00 1.922879138493208018e+00
1.225000000000000089e+00 4.481049151260503294e+00 3.346317420590283032e+00 2.626925075630252238e+00 1.903314283681814878e+00
1.341669999999999918e+00 4.979233966386553689e+00 3.658655755925433795e+00 2.662075857142855995e+00 1.897530311984077178e+00
1.458329999999999904e+00 5.470615697478993233e+00 4.043672541143827459e+00 2.663415243697479617e+00 1.903043213859576088e+00
1.574999999999999956e+00 6.131450588235295207e+00 4.375666831198142148e+00 2.703727991596637015e+00 1.857134156642451073e+00
1.691670000000000007e+00 6.814905361344536061e+00 4.868817098482117522e+00 2.713497983193278174e+00 1.868719925249106684e+00
1.808329999999999993e+00 7.641217815126050361e+00 5.239058897252250269e+00 2.746962798319326993e+00 1.808034059970698104e+00
1.925000000000000044e+00 8.563907361344540448e+00 5.829284282118702976e+00 2.765973890756302289e+00 1.803773083999957727e+00
2.041669999999999874e+00 9.452254831932773271e+00 6.460331637505182023e+00 2.739097907563025291e+00 1.796803811150753383e+00
2.158329999999999860e+00 1.058689526050420682e+01 7.235200253817776428e+00 2.753050630252098951e+00 1.800526482332035494e+00
2.274999999999999911e+00 1.185964538655462341e+01 8.284407023014539462e+00 2.760623826890756138e+00 1.837812623895448638e+00
2.391669999999999963e+00 1.313617793277310852e+01 8.989498554115739282e+00 2.736679511764705364e+00 1.786495780829218782e+00
2.508329999999999949e+00 1.459122705042016754e+01 1.030586564509597380e+01 2.718651173949580446e+00 1.827599444121247974e+00
2.625000000000000000e+00 1.628328288235293897e+01 1.174867204133270171e+01 2.711809507563025523e+00 1.852080347910945779e+00
2.741670000000000051e+00 1.815180799159664105e+01 1.259157798412458007e+01 2.695474700840335469e+00 1.773065115127653080e+00
2.858330000000000037e+00 2.010296626890755789e+01 1.448534853807847078e+01 2.666431200840335247e+00 1.821185509949669656e+00
2.975000000000000089e+00 2.234358844621849727e+01 1.593435074840633980e+01 2.642574178991596412e+00 1.779862385389590740e+00
3.091670000000000140e+00 2.484798643697480003e+01 1.766464363028103790e+01 2.619486450420168033e+00 1.761268681255646840e+00
3.208330000000000126e+00 2.713736358571429008e+01 2.012210903700764675e+01 2.558176780672269057e+00 1.785414163292518896e+00
3.325000000000000178e+00 3.011860382016807236e+01 2.178320946659578539e+01 2.531220216806722600e+00 1.724941864555360693e+00
3.441669999999999785e+00 3.299575759915965989e+01 2.415024350021584709e+01 2.474492109747898017e+00 1.704082858086572561e+00
3.558330000000000215e+00 3.642160389495796835e+01 2.671257231384775821e+01 2.433533632773109190e+00 1.676732651612323099e+00
3.674999999999999822e+00 3.979065797899160373e+01 2.968162634122826304e+01 2.368628559075629969e+00 1.659642027549886878e+00
3.791669999999999874e+00 4.311812016806722880e+01 3.236552443304750426e+01 2.296920975630252215e+00 1.612997569185637081e+00
3.908329999999999860e+00 4.721722149915965616e+01 3.548403151847358572e+01 2.241776085714286992e+00 1.575003267974463661e+00
4.025000000000000355e+00 5.139925005042013595e+01 3.829350009818538325e+01 2.175240924537814813e+00 1.510493140632899411e+00
4.141670000000000407e+00 5.506986840848738751e+01 4.308135867086402016e+01 2.080874173193277166e+00 1.516723930072055415e+00
4.258329999999999949e+00 5.971024800420170919e+01 4.720291386358469055e+01 2.013074275378150979e+00 1.482223949028841581e+00
4.375000000000000000e+00 6.365629705042017861e+01 5.356712228508521889e+01 1.916689900000000168e+00 1.487409299683466024e+00
4.491670000000000051e+00 6.823301714285713615e+01 5.784316193488621849e+01 1.833478468487395485e+00 1.433548497503285279e+00
4.608329999999999593e+00 7.232010916722688876e+01 6.430786513048529685e+01 1.737378552773109153e+00 1.415914520158332301e+00
4.724999999999999645e+00 7.675657175210083949e+01 6.815939647226494458e+01 1.648597411428571524e+00 1.344865810120861926e+00
4.841669999999999696e+00 8.163357337394958790e+01 7.392745928322943882e+01 1.564185270336134082e+00 1.300855753360076639e+00
4.958330000000000126e+00 8.610179649495798060e+01 7.909248356583626105e+01 1.475632098487395405e+00 1.244065920495956545e+00
5.075000000000000178e+00 8.941422383714282773e+01 8.208386910598750319e+01 1.374774824369747295e+00 1.150744743930348646e+00
5.191670000000000229e+00 9.261793833865544912e+01 8.844397411512154861e+01 1.275840419327730624e+00 1.109331345923546763e+00
5.308329999999999771e+00 9.519565246462188668e+01 9.772815045839854520e+01 1.172809835630252318e+00 1.088405740137092792e+00
5.424999999999999822e+00 9.833595448739501421e+01 9.928993995583995513e+01 1.085685949159663766e+00 9.923239943745555403e-01
5.541669999999999874e+00 1.002759288554622401e+02 1.029363024124950670e+02 9.947172611764709682e-01 9.198768653283067032e-01
5.658330000000000304e+00 1.038028435294117457e+02 1.008037633754299947e+02 9.239176183193273939e-01 8.112378651553248110e-01
5.775000000000000355e+00 1.050444269798319112e+02 1.049535581006928737e+02 8.395320113445374766e-01 7.540295028985620762e-01
5.891670000000000407e+00 1.048419721176470176e+02 1.068095194254864140e+02 7.529212691596639528e-01 6.892420803075079982e-01
6.008329999999999949e+00 1.049964784495798398e+02 1.059128184032153541e+02 6.804530252941172197e-01 6.143495095996343025e-01
6.125000000000000000e+00 1.030571225016806522e+02 1.017083361404609860e+02 6.018434699999999360e-01 5.333706464020482318e-01
6.241670000000000051e+00 1.016581340479832107e+02 1.043871196654265674e+02 5.322021582352942648e-01 4.952557146089286988e-01
6.358329999999999593e+00 1.002883564218487464e+02 1.062171028184970680e+02 4.777734497478989817e-01 4.455028804095503836e-01
6.474999999999999645e+00 9.508205361596634475e+01 1.078685806585063460e+02 4.104619453781512828e-01 3.946821526251596546e-01
6.591669999999999696e+00 9.091383933193276334e+01 1.144157961300184496e+02 3.552708303361344355e-01 3.709547165687106518e-01
6.708330000000000126e+00 8.737494608487394032e+01 1.172756134211164039e+02 3.130856338655461091e-01 3.261809510980086535e-01
6.825000000000000178e+00 8.091105221848741280e+01 1.185506393656736321e+02 2.646616509243697735e-01 2.829710502999281951e-01
6.941670000000000229e+00 7.723109988991596708e+01 1.273581023332784667e+02 2.280086383193276334e-01 2.629519477088640422e-01

