-6.941670000000000229e+00 4.003108727638193045e+02 2.072210401336825925e+01 9.586538793969846539e-01 2.072210401336825925e+01
-6.825000000000000178e+00 3.795745321608040967e+02 5.404457146928682398e+00 1.016984252261306398e+00 5.404457146928682398e+00
-6.708330000000000126e+00 3.443687454773868239e+02 1.300798310265916413e+01 1.034902178894471669e+00 1.300798310265916413e+01
-6.591669999999999696e+00 3.173410010050249639e+02 7.400897774834160003e+00 1.068295266331658500e+00 7.400897774834160003e+00
-6.474999999999999645e+00 2.939461060301507587e+02 2.249222378574003400e+01 1.109545974874372565e+00 2.249222378574003400e+01
-6.358329999999999593e+00 2.674974703517586363e+02 7.506008084355067389e+00 1.130950597989950124e+00 7.506008084355067389e+00
-6.241670000000000051e+00 2.411165015075378051e+02 1.270339106197511398e+02 1.148838155778894032e+00 1.270339106197511398e+02
-6.125000000000000000e+00 2.191421241206030288e+02 4.204541731880116373e+00 1.174192991959799315e+00 4.204541731880116373e+00
-6.008329999999999949e+00 2.023435251256281049e+02 5.503932930643713917e+00 1.215061293467336823e+00 5.503932930643713917e+00
-5.891670000000000407e+00 1.848472035175878716e+02 1.202240693782411007e+01 1.248080721608040289e+00 1.202240693782411007e+01
-5.775000000000000355e+00 1.678591641206030545e+02 8.297982383429769015e+00 1.273883977889446850e+00 8.297982383429769015e+00
-5.658330000000000304e+00 1.551108943718594446e+02 1.166942758995213403e+01 1.322030722110552725e+00 1.166942758995213403e+01
-5.541669999999999874e+00 1.441070071859296036e+02 4.214758725927670646e+00 1.379209544723617231e+00 4.214758725927670646e+00
-5.424999999999999822e+00 1.329724301005025495e+02 9.415347837518876162e+00 1.429384460301506676e+00 9.415347837518876162e+00
-5.308329999999999771e+00 1.246217874673365884e+02 2.649290025366598798e+02 1.500640640703516882e+00 2.649290025366598798e+02
-5.191670000000000229e+00 1.151383281859296233e+02 5.347879046683502224e+00 1.556931165477387635e+00 5.347879046683502224e+00
-5.075000000000000178e+00 1.078324326432161513e+02 6.825988036465079745e+01 1.635350757185929149e+00 6.825988036465079745e+01
-4.958330000000000126e+00 1.014354471653267069e+02 1.624250524095539161e+00 1.721090680954773910e+00 1.624250524095539161e+00
-4.841669999999999696e+00 9.387302051909551892e+01 5.440700770785621643e+00 1.787033854924622966e+00 5.440700770785621643e+00
-4.724999999999999645e+00 8.793445390954772733e+01 3.533640917280646221e+00 1.875585653417086496e+00 3.533640917280646221e+00
-4.608329999999999593e+00 8.239507070854270410e+01 2.065263147314587755e+01 1.966591689045226188e+00 2.065263147314587755e+01
-4.491670000000000051e+00 7.674665955778893078e+01 1.501751820640833479e+01 2.050280087185928579e+00 1.501751820640833479e+01
-4.375000000000000000e+00 7.098076608040200597e+01 4.458950146288223948e+00 2.130186348743718483e+00 4.458950146288223948e+00
-4.258329999999999949e+00 6.552027712562816930e+01 5.128604609597065433e+01 2.200164205025125774e+00 5.128604609597065433e+01
-4.141670000000000407e+00 6.118489721105524382e+01 2.311380791346675068e+00 2.300180809045226926e+00 2.311380791346675068e+00
-4.025000000000000355e+00 5.579957052763819547e+01 4.612423915186706580e+00 2.351699574874371645e+00 4.612423915186706580e+00
-3.908329999999999860e+00 5.141118561306529955e+01 5.742597977703189471e+00 2.430905568341708900e+00 5.742597977703189471e+00
-3.791669999999999874e+00 4.709174273396983779e+01 2.774477949515451680e+00 2.490709519296484320e+00 2.774477949515451680e+00
-3.674999999999999822e+00 4.260526512412059930e+01 5.256298412891164062e+00 2.530977359296480156e+00 5.256298412891164062e+00
-3.558330000000000215e+00 3.903539551256282891e+01 4.427145357336233822e+00 2.598364998994974862e+00 4.427145357336233822e+00
-3.441669999999999785e+00 3.512998281160805902e+01 3.789354864687367552e+01 2.621508189447236070e+00 3.789354864687367552e+01
-3.325000000000000178e+00 3.197213459296481730e+01 2.678587276890153746e+00 2.679069320603014948e+00 2.678587276890153746e+00
-3.208330000000000126e+00 2.865991026030150834e+01 1.705021258870576206e+00 2.694524699246232391e+00 1.705021258870576206e+00
-3.091670000000000140e+00 2.585516211055278291e+01 5.295230410090950635e+00 2.725810557788943989e+00 5.295230410090950635e+00
-2.975000000000000089e+00 2.334389189788945274e+01 1.780192862103874063e+00 2.755265870552764174e+00 1.780192862103874063e+00
-2.858330000000000037e+00 2.094517290703517531e+01 1.353013110222857307e+00 2.771471156783918310e+00 1.353013110222857307e+00
-2.741670000000000051e+00 1.862137903854272380e+01 1.856798840611143087e+00 2.758220676984923792e+00 1.856798840611143087e+00
-2.625000000000000000e+00 1.667827743557788978e+01 5.584487921945185285e+00 2.767535324070352853e+00 5.584487921945185285e+00
-2.508329999999999949e+00 1.487960895477386103e+01 1.292704374718674609e+00 2.764287022110552883e+00 1.292704374718674609e+00
-2.391669999999999963e+00 1.324438005025126941e+01 1.139683541296529157e+00 2.757735989597990045e+00 1.139683541296529157e+00
-2.274999999999999911e+00 1.194679312060301868e+01 2.641236793791337689e+00 2.776384592964823650e+00 2.641236793791337689e+00
-2.158329999999999860e+00 1.056841155125627907e+01 1.068322467291584532e+00 2.745898239195981194e+00 1.068322467291584532e+00
-2.041669999999999874e+00 9.419213891457285825e+00 1.773819274491120979e+00 2.728166949246229933e+00 1.773819274491120979e+00
-1.925000000000000044e+00 8.453978001507534756e+00 1.284770171044050446e+00 2.727325357788946913e+00 1.284770171044050446e+00
-1.808329999999999993e+00 7.504900659798996898e+00 5.623954871869676353e-01 2.693005760804019211e+00 5.623954871869676353e-01
-1.691670000000000007e+00 6.728567671859297050e+00 8.725918016916123232e-01 2.678512898492462213e+00 8.725918016916123232e-01
-1.574999999999999956e+00 6.006471283417086582e+00 4.393385263177236766e+00 2.647418532663316615e+00 4.393385263177236766e+00
-1.458329999999999904e+00 5.436581261306536739e+00 9.590669413263207543e-01 2.644553910552763121e+00 9.590669413263207543e-01
-1.341669999999999918e+00 4.862215480904523268e+00 1.370220155203265122e+00 2.602817484422110361e+00 1.370220155203265122e+00
-1.225000000000000089e+00 4.381757385929645032e+00 6.910839436352960163e-01 2.570478589447236395e+00 6.910839436352960163e-01
-1.108330000000000037e+00 3.973928618090450282e+00 8.171702989083067248e-01 2.541037487437186382e+00 8.171702989083067248e-01
-9.916669999999999652e-01 3.632699301507539946e+00 1.231326829745140516e+00 2.519415718592964648e+00 1.231326829745140516e+00
-8.750000000000000000e-01 3.348228432160805568e+00 8.378657184740683217e-01 2.503356366834171176e+00 8.378657184740683217e-01
-7.583330000000000348e-01 3.082441348190953168e+00 1.820163649132777950e+00 2.467233397437186060e+00 1.820163649132777950e+00
-6.416669999999999874e-01 2.863578396984923113e+00 1.079953188524357399e+00 2.434291954773869282e+00 1.079953188524357399e+00
-5.250000000000000222e-01 2.687373879396985021e+00 6.836249075574661882e-01 2.406688638190954688e+00 6.836249075574661882e-01
-4.083330000000000015e-01 2.559091346733668448e+00 4.936868621124755330e-01 2.391634773869347530e+00 4.936868621124755330e-01
-2.916670000000000096e-01 2.459821567839194589e+00 1.667254438178350229e-01 2.374981316582913671e+00 1.667254438178350229e-01
-1.749999999999999889e-01 2.404444341708542598e+00 3.162297593996508116e-01 2.373399020100503964e+00 3.162297593996508116e-01
-5.833329999999999765e-02 2.366056501557790348e+00 4.077077016240083118e+00 2.361670846030150539e+00 4.077077016240083118e+00
5.833329999999999765e-02 2.356038552361810368e+00 3.652347421678141526e-01 2.351649536180903333e+00 3.652347421678141526e-01
1.749999999999999889e-01 2.399164321256284094e+00 3.087130949001631319e-01 2.368201138793969651e+00 3.087130949001631319e-01
2.916670000000000096e-01 2.462838652261305938e+00 5.618309083956284367e-01 2.377760361306535675e+00 5.618309083956284367e-01
4.083330000000000015e-01 2.562602878793971417e+00 6.204143201774292571e-01 2.394305612864321198e+00 6.204143201774292571e-01
5.250000000000000222e-01 2.699573624271361716e+00 3.249674379261302537e-01 2.417121015226129099e+00 3.249674379261302537e-01
6.416669999999999874e-01 2.873029411256279531e+00 3.354175195848527746e-01 2.443248275025126315e+00 3.354175195848527746e-01
7.583330000000000348e-01 3.074362231155778780e+00 3.512698392150458981e-01 2.459515170351756819e+00 3.512698392150458981e-01
8.750000000000000000e-01 3.332197669849246591e+00 2.916901297978060636e-01 2.490163884422108787e+00 2.916901297978060636e-01
9.916669999999999652e-01 3.632156037185930053e+00 4.586012748536342221e-01 2.518395013819096473e+00 4.586012748536342221e-01
1.108330000000000037e+00 3.984399057788944987e+00 9.495980830962188479e-01 2.547035682964823522e+00 9.495980830962188479e-01
1.225000000000000089e+00 4.376800452261305985e+00 3.572858954033478196e-01 2.565225918090452417e+00 3.572858954033478196e-01
1.341669999999999918e+00 4.837145782211057288e+00 3.958775323408354474e-01 2.587998306934673032e+00 3.958775323408354474e-01
1.458329999999999904e+00 5.400447688442211458e+00 9.759375154096292526e-01 2.628174542713567430e+00 9.759375154096292526e-01
1.574999999999999956e+00 6.023956874371861225e+00 1.579919866345984802e+00 2.656140542713567143e+00 1.579919866345984802e+00
1.691670000000000007e+00 6.752730819095475567e+00 1.472949601984852697e+00 2.687546306532664797e+00 1.472949601984852697e+00
1.808329999999999993e+00 7.516190711909549904e+00 1.085977713321056015e+01 2.696956266432161353e+00 1.085977713321056015e+01
1.925000000000000044e+00 8.391149100502515168e+00 1.379382009834596134e+00 2.708791221105528724e+00 1.379382009834596134e+00
2.041669999999999874e+00 9.433217070351760825e+00 6.679682584985456195e+00 2.735316879396985090e+00 6.679682584985456195e+00
2.158329999999999860e+00 1.059475053266331912e+01 1.266939754830233911e+00 2.753134417085425945e+00 1.266939754830233911e+00
2.274999999999999911e+00 1.182989455778894161e+01 1.970840493315116460e+00 2.750411145728643092e+00 1.970840493315116460e+00
2.391669999999999963e+00 1.326947793969849343e+01 2.436444806160078080e+00 2.761642211055274743e+00 2.436444806160078080e+00
2.508329999999999949e+00 1.496336684422110075e+01 2.267129676406388850e+00 2.780142879396985567e+00 2.267129676406388850e+00
2.625000000000000000e+00 1.657168571356783815e+01 1.696769743422642307e+01 2.752842065326633225e+00 1.696769743422642307e+01
2.741670000000000051e+00 1.869780288442211003e+01 1.020441440623250173e+01 2.772298261306531675e+00 1.020441440623250173e+01
2.858330000000000037e+00 2.089024973869347335e+01 8.918375441943277693e+00 2.764186276381908947e+00 8.918375441943277693e+00
2.975000000000000089e+00 2.330988542713567924e+01 3.695466175529853103e+01 2.752194648241205854e+00 3.695466175529853103e+01
3.091670000000000140e+00 2.573674112060299990e+01 7.536278713159484610e+00 2.712447422110551454e+00 7.536278713159484610e+00
3.208330000000000126e+00 2.857576160301506363e+01 1.435237805956177759e+01 2.687363005025124707e+00 1.435237805956177759e+01
3.325000000000000178e+00 3.165156214070353613e+01 1.481013494651960727e+01 2.650243736683416618e+00 1.481013494651960727e+01
3.441669999999999785e+00 3.515605445728643730e+01 2.310090150959964728e+00 2.624813337688440829e+00 2.310090150959964728e+00
3.558330000000000215e+00 3.873219535175883266e+01 4.613448438914227623e+00 2.580046921608040389e+00 4.613448438914227623e+00
3.674999999999999822e+00 4.272409929145731411e+01 2.915099768165080096e+00 2.536615517587939461e+00 2.915099768165080096e+00
3.791669999999999874e+00 4.736809214070350293e+01 4.429368141495783284e+00 2.507730190452261532e+00 4.429368141495783284e+00
3.908329999999999860e+00 5.144985445376880762e+01 4.496184449683731543e+00 2.429781322914572161e+00 4.496184449683731543e+00
4.025000000000000355e+00 5.570102219547734279e+01 1.906791472610542115e+01 2.349314145427136236e+00 1.906791472610542115e+01
4.141670000000000407e+00 6.055141950251248772e+01 4.860822296667612896e+00 2.275973488944722067e+00 4.860822296667612896e+00
4.258329999999999949e+00 6.587071117085430672e+01 3.689136997290396636e+01 2.211526640703518343e+00 3.689136997290396636e+01
4.375000000000000000e+00 7.075083486633164398e+01 3.242965853643938079e+00 2.123123742663314051e+00 3.242965853643938079e+00
4.491670000000000051e+00 7.609629124221105201e+01 8.561985869824853879e+00 2.032639157085426085e+00 8.561985869824853879e+00
4.608329999999999593e+00 8.164486656180908142e+01 9.748477185512605558e+00 1.944985400653265861e+00 9.748477185512605558e+00
4.724999999999999645e+00 8.721763136381910897e+01 7.784569922373479223e+00 1.857709244623115596e+00 7.784569922373479223e+00
4.841669999999999696e+00 9.413615640452265154e+01 1.430001409772359011e+01 1.787784793819095830e+00 1.430001409772359011e+01
4.958330000000000126e+00 9.937938208542709617e+01 3.024290120811705229e+00 1.681709946733668914e+00 3.024290120811705229e+00
5.075000000000000178e+00 1.057577583618089960e+02 5.913019593982406619e+00 1.603022330100500881e+00 5.913019593982406619e+00
5.191670000000000229e+00 1.141968879798994294e+02 6.650087860083115032e+00 1.540442758241206578e+00 6.650087860083115032e+00
5.308329999999999771e+00 1.217799727286432585e+02 4.437318752553058410e+00 1.465360255276380919e+00 4.437318752553058410e+00
5.424999999999999822e+00 1.303794305527637505e+02 7.300705064652485810e+00 1.396286538693467527e+00 7.300705064652485810e+00
5.541669999999999874e+00 1.389330526633165164e+02 4.109297006164656985e+00 1.329290581909546853e+00 4.109297006164656985e+00
5.658330000000000304e+00 1.503164241206031022e+02 5.168117989718696847e+00 1.281686057286432590e+00 5.168117989718696847e+00
5.775000000000000355e+00 1.605566446231155737e+02 1.341816547798862302e+01 1.219544511557789646e+00 1.341816547798862302e+01
5.891670000000000407e+00 1.767668386934674345e+02 2.006580241424951616e+00 1.191389778391959808e+00 2.006580241424951616e+00
6.008329999999999949e+00 1.916532437185929894e+02 3.035048292582384288e+00 1.152741973869346737e+00 3.035048292582384288e+00
6.125000000000000000e+00 2.103718639195979847e+02 3.909660767794112530e+02 1.123229480402010871e+00 3.909660767794112530e+02
6.241670000000000051e+00 2.288770904522613989e+02 4.781409832309573282e+00 1.090120292462311458e+00 4.781409832309573282e+00
6.358329999999999593e+00 2.513333940201004850e+02 2.301582327117303262e+00 1.065348748241206067e+00 2.301582327117303262e+00
6.474999999999999645e+00 2.753885256281406555e+02 4.878481611317837263e+01 1.039440161809045637e+00 4.878481611317837263e+01
6.591669999999999696e+00 2.979906247236183390e+02 6.637510206381388222e+00 1.001426792964823953e+00 6.637510206381388222e+00
6.708330000000000126e+00 3.285867212562812369e+02 8.602410154154755517e+00 9.883840603015077164e-01 8.602410154154755517e+00
6.825000000000000178e+00 3.514577479396983790e+02 9.505631849375880904e+00 9.427398788944721941e-01 9.505631849375880904e+00
6.941670000000000229e+00 3.774478487437187937e+02 4.671918994058835040e+00 9.080140386934678620e-01 4.671918994058835040e+00

