-6.941670000000000229e+00 2.998852267759198043e+01 5.871504130128460019e+01 1.040911981605351644e-01 1.262953896116445762e-01
-6.825000000000000178e+00 3.412728345183946033e+01 5.734053560519503634e+01 1.273511072909699338e-01 1.429698905653910557e-01
-6.708330000000000126e+00 3.761435097926419502e+01 5.642652022962312941e+01 1.513402834113711792e-01 1.636812486454075899e-01
-6.591669999999999696e+00 4.130968632541806329e+01 5.272887543589789061e+01 1.814837659531772784e-01 1.756592488363525051e-01
-6.474999999999999645e+00 4.539347179030102097e+01 5.157550320596232041e+01 2.156676766555183922e-01 1.982017143094276790e-01
-6.358329999999999593e+00 4.807706320869565531e+01 4.907280388844183960e+01 2.505173817725751539e-01 2.158556696138362319e-01
-6.241670000000000051e+00 5.072923339096990247e+01 4.780245153328251462e+01 2.880980164548495037e-01 2.392005773520377021e-01
-6.125000000000000000e+00 5.319089228662205215e+01 4.387645620400451207e+01 3.337158804682275881e-01 2.458570400870265238e-01
-6.008329999999999949e+00 5.495083815819398154e+01 4.196844653780923551e+01 3.782121038795988044e-01 2.611166688530270896e-01
-5.891670000000000407e+00 5.613698953511705270e+01 3.959000090250094672e+01 4.269704462207358775e-01 2.781997203875004598e-01
-5.775000000000000355e+00 5.804392340301000530e+01 3.597566911504624443e+01 4.870252045484949610e-01 2.814540962671500668e-01
-5.658330000000000304e+00 5.736711258555186532e+01 3.408813110409013802e+01 5.333550149832775311e-01 2.980048018394099718e-01
-5.541669999999999874e+00 5.778535191856188646e+01 3.173885635825311979e+01 5.966904942809366785e-01 3.101071334729273432e-01
-5.424999999999999822e+00 5.738651339765885950e+01 2.974160024438332428e+01 6.575037441137122629e-01 3.258474766994629013e-01
-5.308329999999999771e+00 5.704185377324420614e+01 2.730758779659691271e+01 7.281694415050168345e-01 3.336476048688861717e-01
-5.191670000000000229e+00 5.634114263712375248e+01 2.544594529196230326e+01 7.984462722742475815e-01 3.490339427196362809e-01
-5.075000000000000178e+00 5.465422192234112231e+01 2.362305218865509815e+01 8.643017345819395958e-01 3.607992009198375816e-01
-4.958330000000000126e+00 5.337321864682274963e+01 2.179778633990792613e+01 9.407384785618727596e-01 3.721150554076507744e-01
-4.841669999999999696e+00 5.158968161939799302e+01 2.018239293785234167e+01 1.015877906822743038e+00 3.879113992865751426e-01
-4.724999999999999645e+00 4.903710054849501887e+01 1.832143203540815080e+01 1.074931197391304938e+00 3.937898299097876142e-01
-4.608329999999999593e+00 4.657680582130434743e+01 1.712038905214512141e+01 1.143531696521739249e+00 4.113826220600679262e-01
-4.491670000000000051e+00 4.434263018033443871e+01 1.599932057347264447e+01 1.215918015652174278e+00 4.304141469691910582e-01
-4.375000000000000000e+00 4.175389671772575895e+01 1.493700165057638252e+01 1.280350584949833337e+00 4.470084264458790146e-01
-4.258329999999999949e+00 3.926048130578595163e+01 1.393761544386038054e+01 1.344851132642139291e+00 4.676574980932871051e-01
-4.141670000000000407e+00 3.635274180521737719e+01 1.286537531250233002e+01 1.395010419297659343e+00 4.836844294343545236e-01
-4.025000000000000355e+00 3.379395520401340036e+01 1.212509543883071750e+01 1.451575560434782641e+00 5.067282205011600649e-01
-3.908329999999999860e+00 3.142313659548497284e+01 1.155466636992569640e+01 1.508177481103679662e+00 5.403395463813037702e-01
-3.791669999999999874e+00 2.924913513879598526e+01 1.075286994068789248e+01 1.573176006254179971e+00 5.654260924336345084e-01
-3.674999999999999822e+00 2.711035575819398957e+01 1.004679507459934484e+01 1.635412488862876490e+00 5.921535303103412362e-01
-3.558330000000000215e+00 2.449482244314382484e+01 9.600934686547695662e+00 1.652044015551839884e+00 6.281715990465324140e-01
-3.441669999999999785e+00 2.248686491090300166e+01 9.005341630664386088e+00 1.703246876053511771e+00 6.623063788573565480e-01
-3.325000000000000178e+00 2.058042276210702326e+01 8.430723302062103741e+00 1.747666427658862709e+00 6.945176924394763640e-01
-3.208330000000000126e+00 1.863758029672242245e+01 8.112418754134381516e+00 1.775207676187289696e+00 7.449458029273787751e-01
-3.091670000000000140e+00 1.685766513779264031e+01 7.649332086902314920e+00 1.797614058361203471e+00 7.876753912291802884e-01
-2.975000000000000089e+00 1.528857660602007229e+01 7.492409516456347340e+00 1.828735004816053333e+00 8.628753984968464685e-01
-2.858330000000000037e+00 1.381465648137124802e+01 7.274334057588515812e+00 1.847963223946487155e+00 9.350099185544640257e-01
-2.741670000000000051e+00 1.245112566521738628e+01 7.313949701585857888e+00 1.865770400334449075e+00 1.049855233452122283e+00
-2.625000000000000000e+00 1.121730285785953640e+01 7.225067843032985770e+00 1.882018124381271917e+00 1.156862959239992827e+00
-2.508329999999999949e+00 1.005251073377926474e+01 7.205102920574130820e+00 1.890836713043476891e+00 1.288118946018538269e+00
-2.391669999999999963e+00 9.080414551839455228e+00 7.397686948786206251e+00 1.906024608026757772e+00 1.471603683980869937e+00
-2.274999999999999911e+00 8.081126737123751624e+00 7.727708931596828812e+00 1.898602585284280941e+00 1.714398129066294851e+00
-2.158329999999999860e+00 7.303257535117055887e+00 8.067576081365084306e+00 1.910586981605352452e+00 1.991541654667978500e+00
-2.041669999999999874e+00 6.501758317725752079e+00 8.636186016454223235e+00 1.898430702675585335e+00 2.369291764381021181e+00
-1.925000000000000044e+00 5.874859394648828115e+00 9.650783613517640802e+00 1.907407968896322137e+00 2.930823301236592737e+00
-1.808329999999999993e+00 5.242654866220735954e+00 1.153325092401642848e+01 1.895400200668897694e+00 3.877178898475881041e+00
-1.691670000000000007e+00 4.695682484949835533e+00 1.514085389388952052e+01 1.881182411371237650e+00 5.611600844799122356e+00
-1.574999999999999956e+00 4.245298785953172782e+00 1.844978091140384180e+01 1.882421698996656900e+00 7.552317092238086893e+00
-1.458329999999999904e+00 3.810503645484948354e+00 2.401000807721500863e+01 1.864781020066888839e+00 1.084449625863867617e+01
-1.341669999999999918e+00 3.440000103678932053e+00 2.951318042473424441e+01 1.849930541806019679e+00 1.470704420798628576e+01
-1.225000000000000089e+00 3.108902478260869628e+00 3.988682796279562126e+01 1.830129498327759840e+00 2.188581792639681822e+01
-1.108330000000000037e+00 2.831400006688961746e+00 6.239702122170425724e+01 1.817628180602007371e+00 3.752633469948904832e+01
-9.916669999999999652e-01 2.577700936454850655e+00 9.372943366284305000e+01 1.792431448160534790e+00 6.159489725099970059e+01
-8.750000000000000000e-01 2.365034675585284241e+00 1.360774242988736944e+02 1.772843939799331414e+00 9.714705624633654679e+01
-7.583330000000000348e-01 2.180070571906354893e+00 2.014177594260886792e+02 1.748576802675585018e+00 1.553182244160344112e+02
-6.416669999999999874e-01 2.049672364548492887e+00 2.638666044225183782e+02 1.745114458193980367e+00 2.179842933658659945e+02
-5.250000000000000222e-01 1.920349494983278227e+00 3.527864497931391838e+02 1.721266525083611221e+00 3.095852476906622428e+02
-4.083330000000000015e-01 1.819413966555184725e+00 4.173250024163239686e+02 1.701209772575251744e+00 3.849201800176620054e+02
-2.916670000000000096e-01 1.741879408026755893e+00 4.552157257044341350e+02 1.682320672240801951e+00 4.364454411458484628e+02
-1.749999999999999889e-01 1.696888133779264729e+00 4.871327471826809870e+02 1.675150979933110795e+00 4.796054686303488666e+02
-5.833329999999999765e-02 1.680092177257525909e+00 5.094602355595204131e+02 1.676996130434782906e+00 5.083174214804812436e+02
5.833329999999999765e-02 1.679092745819398713e+00 4.964456740838631958e+02 1.675996250836120582e+00 4.953410672699413908e+02
1.749999999999999889e-01 1.690966033444815331e+00 4.742661602076968848e+02 1.669345581939799983e+00 4.669042393536472559e+02
2.916670000000000096e-01 1.742622297658862562e+00 4.617833921424460186e+02 1.683061491638796481e+00 4.427160235927656231e+02
4.083330000000000015e-01 1.826345464882943359e+00 4.154200416271132781e+02 1.707702571906354772e+00 3.831794156205761510e+02
5.250000000000000222e-01 1.903984013377925555e+00 3.363026770687515068e+02 1.706590301003344745e+00 2.950897482619103016e+02
6.416669999999999874e-01 2.029528193979934336e+00 2.768500838403777493e+02 1.727776692307693152e+00 2.286946398231335706e+02
7.583330000000000348e-01 2.184882816053510979e+00 1.987040267219815632e+02 1.751758377926421417e+00 1.532299684383009151e+02
8.750000000000000000e-01 2.354815284280938226e+00 1.416607760848893633e+02 1.764234735785953356e+00 1.010202404407503991e+02
9.916669999999999652e-01 2.559825779264213619e+00 9.873791008743205566e+01 1.780222096989966252e+00 6.489330859084314795e+01
1.108330000000000037e+00 2.807250163879599025e+00 6.267488186937538330e+01 1.802132113712374917e+00 3.771846430525066296e+01
1.225000000000000089e+00 3.101684421404680148e+00 3.812441246679686913e+01 1.825768371237458831e+00 2.093006609663311224e+01
1.341669999999999918e+00 3.411642658862875432e+00 2.845661385680405076e+01 1.834858441471572066e+00 1.419511648433381801e+01
1.458329999999999904e+00 3.794399565217390080e+00 2.233032503800350099e+01 1.857147749163879702e+00 1.009842614231308922e+01
1.574999999999999956e+00 4.219816337792640759e+00 1.766465155567106748e+01 1.870618996655519117e+00 7.246424635500652300e+00
1.691670000000000007e+00 4.697421110367895558e+00 1.409506799373649955e+01 1.881414993311034900e+00 5.231585589211302789e+00
1.808329999999999993e+00 5.277456424749161989e+00 1.102132758105399546e+01 1.906164799331103499e+00 3.707730222507791495e+00
1.925000000000000044e+00 5.819135150501669962e+00 9.531772184509447854e+00 1.892508143812708488e+00 2.901684142373837982e+00
2.041669999999999874e+00 6.533859628762543892e+00 8.519199256672001397e+00 1.907760083612040081e+00 2.335200047455228578e+00
2.158329999999999860e+00 7.283583859531778337e+00 8.070563849494567066e+00 1.907666209030101312e+00 1.989041581735192965e+00
2.274999999999999911e+00 8.101116632107022042e+00 7.802403196513424177e+00 1.900530607692308083e+00 1.728443700371259606e+00
2.391669999999999963e+00 9.071042638795987045e+00 7.290901135697446023e+00 1.902076985284280930e+00 1.453903585460138981e+00
2.508329999999999949e+00 1.012561972173913460e+01 7.327819304980672577e+00 1.896553603010034283e+00 1.308003961617461686e+00
2.625000000000000000e+00 1.132195263745819425e+01 7.377615372072714450e+00 1.897279195652173733e+00 1.178769924588127571e+00
2.741670000000000051e+00 1.255110761003343889e+01 7.482924944608359219e+00 1.878357356153845803e+00 1.071491475244748415e+00
2.858330000000000037e+00 1.397715085451505601e+01 7.343516845281486738e+00 1.868509644983277207e+00 9.439827911528538840e-01
2.975000000000000089e+00 1.553723735050166432e+01 7.666391429471093311e+00 1.850511306321070082e+00 8.819046502031822055e-01
3.091670000000000140e+00 1.710848523545151423e+01 7.842673995335083248e+00 1.821094955685619965e+00 8.083542761902916540e-01
3.208330000000000126e+00 1.877292800434781128e+01 8.084358036947842052e+00 1.784543223076922480e+00 7.465005212662573220e-01
3.325000000000000178e+00 2.057483497324414756e+01 8.413906351837031394e+00 1.741750920401338165e+00 6.921822543062131627e-01
3.441669999999999785e+00 2.290323510541805518e+01 8.739067974704333608e+00 1.731948102173912929e+00 6.454381856356341540e-01
3.558330000000000215e+00 2.494257399541805142e+01 9.254104985233274405e+00 1.681507867591973238e+00 6.112513179547283126e-01
3.674999999999999822e+00 2.720067156789297869e+01 1.005755678138309328e+01 1.637322990401337552e+00 5.875551859580917524e-01
3.791669999999999874e+00 2.950446431872909869e+01 1.053524153780785610e+01 1.583242500702342737e+00 5.552202049521043348e-01
3.908329999999999860e+00 3.209106477628760956e+01 1.140680483482808327e+01 1.538375409498327739e+00 5.348753187501412709e-01
4.025000000000000355e+00 3.444955819364548688e+01 1.206861646531788423e+01 1.474833055551839411e+00 5.045653443903584945e-01
4.141670000000000407e+00 3.739326557541805585e+01 1.294039430982902950e+01 1.429320495016722647e+00 4.853296748897301671e-01
4.258329999999999949e+00 4.017074866929766586e+01 1.376480587534903854e+01 1.371714312809364733e+00 4.625690518513955740e-01
4.375000000000000000e+00 4.296650372073576563e+01 1.499167934455234708e+01 1.310097184247493107e+00 4.499670472961133094e-01
4.491670000000000051e+00 4.562025202976590776e+01 1.581745877259404054e+01 1.242134632140467820e+00 4.251484957013654808e-01
4.608329999999999593e+00 4.786680674782609657e+01 1.727587038139319731e+01 1.167215225819397739e+00 4.139148534072761842e-01
4.724999999999999645e+00 5.063022307010031398e+01 1.863497731493617593e+01 1.106161182909698670e+00 4.017531336202334047e-01
4.841669999999999696e+00 5.287970491438128562e+01 2.010089219640066460e+01 1.033757662107023467e+00 3.852189883803238679e-01
4.958330000000000126e+00 5.536912370595317867e+01 2.154710651536532140e+01 9.684021438127095038e-01 3.699680559726485907e-01
5.075000000000000178e+00 5.687400129999998910e+01 2.382036110368793302e+01 8.930603850501672714e-01 3.635415972890240210e-01
5.191670000000000229e+00 5.842163607959864891e+01 2.558275003495518263e+01 8.238314373913053767e-01 3.489188295841223475e-01
5.308329999999999771e+00 5.967961440474914525e+01 2.747903366863913632e+01 7.550658956521745235e-01 3.358591677919751661e-01
5.424999999999999822e+00 6.028749848210700435e+01 2.999629263021739689e+01 6.880336424749164959e-01 3.265667669947263652e-01
5.541669999999999874e+00 6.160553834448161581e+01 3.254913846774294228e+01 6.323866956856182275e-01 3.182875723792604750e-01
5.658330000000000304e+00 6.034615595341137606e+01 3.480393772964058741e+01 5.600446041471573988e-01 3.042723115455672200e-01
5.775000000000000355e+00 6.001149371003340605e+01 3.708968119740983127e+01 5.021200445819400393e-01 2.888603976300098686e-01
5.891670000000000407e+00 5.966110467357860614e+01 4.100745922253128839e+01 4.536708952842807285e-01 2.853055488928438188e-01
6.008329999999999949e+00 5.800062920133778022e+01 4.335712443857394760e+01 3.997409870903009255e-01 2.691112900797892893e-01
6.125000000000000000e+00 5.659904480702336116e+01 4.731903111585027233e+01 3.540317072240802831e-01 2.634477783437794152e-01
6.241670000000000051e+00 5.416954589966555744e+01 4.836420249206169331e+01 3.081220168896320888e-01 2.408426108631886442e-01
6.358329999999999593e+00 5.131373656387956572e+01 5.349432970058938253e+01 2.674120232441472012e-01 2.353228948982472868e-01
6.474999999999999645e+00 4.703733554314383269e+01 5.418390478084003092e+01 2.258359414715717939e-01 2.097903683247910323e-01
6.591669999999999696e+00 4.469990730698999926e+01 5.708510059894745581e+01 1.962238842474917366e-01 1.889635127177797247e-01
6.708330000000000126e+00 4.015472472976586715e+01 5.941205865305414591e+01 1.619270874247491776e-01 1.728133583348360758e-01
6.825000000000000178e+00 3.613705928662209743e+01 6.055418411450478544e+01 1.344456382608697209e-01 1.491062830956005336e-01
6.941670000000000229e+00 3.294701912508362085e+01 8.457414923803605689e+01 1.148524782943144279e-01 1.846058918280388816e-01

